50 40 5 30 63 18 27 9 17 32 16 11 49 2 15 14 46 55 53 34 23 43 39 19 58 51 64 54 25 24 36 61 37 12 45 21 3 56 47 38 1 62 48 52 6 29 10 57 22 35 28 42 26 44 8 4 31 41 13 59 20 33 60 7
15 46 21 8 29 28 25 40 11 60 49 36 59 20 64 47 63 35 17 41 62 4 42 22 37 24 10 5 13 43 9 14 38 48 54 12 26 52 51 7 39 55 19 56 33 27 23 31 18 50 32 44 16 3 61 53 58 34 45 2 57 1 30 6
28 22 6 54 43 46 44 14 59 29 32 53 25 30 26 4 1 15 63 21 31 19 33 36 24 9 5 45 3 48 51 56 20 60 2 10 64 50 49 18 55 42 16 34 23 27 57 47 62 52 13 38 11 41 39 12 58 17 61 35 37 7 40 8
47 28 14 30 58 36 44 49 17 62 43 19 51 3 42 38 39 46 56 31 48 18 34 2 41 32 40 63 13 55 52 10 7 60 21 64 53 1 15 61 24 35 22 23 27 25 45 26 57 54 50 12 33 5 29 16 4 59 6 9 20 11 8 37
43 60 41 42 2 11 21 61 48 10 62 57 1 58 29 22 46 8 35 30 27 39 47 45 53 64 37 33 23 54 31 52 16 12 14 34 3 26 6 56 59 50 7 19 28 51 44 36 5 17 40 13 24 15 9 18 20 63 55 38 4 32 49 25
60 7 35 30 27 51 43 49 54 53 56 44 34 11 1 47 46 20 17 58 5 29 25 52 62 55 16 22 9 2 3 32 61 37 28 42 57 24 38 23 6 41 14 4 50 45 19 63 31 48 12 36 59 40 26 21 18 39 33 8 64 10 13 15
31 54 36 9 59 47 51 7 16 53 40 19 30 11 5 39 2 41 15 23 37 27 50 57 29 4 14 62 45 26 28 1 64 60 20 17 58 56 63 22 10 24 48 49 33 34 32 21 46 13 12 61 43 44 55 35 25 3 6 42 18 52 8 38
59 49 17 55 22 12 3 64 36 39 57 2 43 48 16 58 32 29 9 13 14 18 4 37 38 15 47 35 10 61 56 25 33 27 52 40 5 46 31 28 30 51 19 23 42 6 8 50 41 26 1 24 54 53 7 20 63 34 62 11 45 21 44 60
16 50 55 42 51 34 49 24 9 37 8 12 43 5 38 23 2 20 58 39 44 15 21 47 3 13 62 25 36 33 22 19 26 7 60 64 48 1 31 59 41 61 40 35 14 45 63 4 46 56 28 52 29 17 54 32 11 10 57 30 27 6 53 18
59 43 53 35 33 37 45 58 60 29 32 36 57 26 24 6 5 44 3 17 62 54 56 2 40 63 1 50 18 34 48 16 31 55 39 42 28 61 21 49 22 27 11 64 30 46 9 20 25 14 4 47 52 13 19 10 41 38 12 23 15 51 7 8
